000 000 000 000 000 000 000 000 000 000 000 000 000 000 000 000 000 000 000 000 000 000
000 111 110 110 110 110 111 110 110 110 110 110 110 110 110 111 110 110 110 110 101 000
000 101 020 010 010 010 101 010 010 010 010 010 010 010 010 101 010 010 010 010 101 000
000 101 010 111 100 010 100 010 110 110 110 110 110 100 010 100 010 110 101 010 101 000
000 101 010	101	010	010	010	010	010	010	010	010	010	010	010	010	010	010	101	010	101 000
000 101	010	100	010	110	100	010	111	100	000	000	110	101	010	110	100	010	100	010	101 000
000 101	010	010	010	010	010	010	101	000	002	003	000	101	010	010	010	010	010	010	101 000
000 101	010	101	010	110	100	010	110	110	110	110	110	100	010	110	100	010	101	010	101 000
000 101	010	101	010	010	010	010	010	010	010	010	010	010	010	010	010	010	101	010	101 000
000 101	010	110	100	010	101	010	110	110	110	110	110	100	010	101	010	110	100	010	101 000
000 101	010	010	010	010	101	010	010	010	001	010	010	010	010	101	010	010	010	020	101 000
000 110	110	110	110	110	110	110	110	110	110	110	110	110	110	110	110	110	110	110	100 000
000 000 000 000 000 000 000 000 000 000 000 000 000 000 000 000 000 000 000 000 000 000
000 000 000 000 000 000 000 000 000 000 000 000 000 000 000 000 000 000 000 000 000 000